 -1.60579308e+00 -1.83703613e+00 -1.96377928e+00
 -1.43676223e+00 -1.57040692e+00 -1.63438589e+00
 -1.26773138e+00 -1.32639068e+00 -1.34602032e+00
 -1.09870053e+00 -1.10005536e+00 -1.08843531e+00
 -9.29669680e-01 -8.88037345e-01 -8.54908859e-01
 -7.60638829e-01 -6.87920941e-01 -6.40772475e-01
 -5.91607978e-01 -4.97901872e-01 -4.42640461e-01
 -4.22577127e-01 -3.16590332e-01 -2.57972549e-01
 -2.53546276e-01 -1.42888798e-01 -8.48098033e-02
 -8.45154255e-02 2.40874081e-02 7.83929639e-02
 8.45154255e-02 1.85063779e-01 2.32877912e-01
 2.53546276e-01 3.40644055e-01 3.79659853e-01
 4.22577127e-01 4.91337040e-01 5.19579469e-01
 5.91607978e-01 6.37576275e-01 6.53341683e-01
 7.60638829e-01 7.79734760e-01 7.81543900e-01
 9.29669680e-01 9.18136166e-01 9.04697203e-01
 1.09870053e+00 1.05306351e+00 1.02324251e+00
 1.26773138e+00 1.18476597e+00 1.13756311e+00
 1.43676223e+00 1.31346429e+00 1.24799444e+00
 1.60579308e+00 1.43935512e+00 1.35483190e+00
